Round 0
ELECTION WINNER IS 10(15)  !!!!!
Active nodes where: 0(3), 1(13), 3(2), 4(1), 6(14), 8(12), 9(9), 10(15), 12(4), 13(5), 14(11), 
3   13  8   2   1   0   14  10  12  9   15  7   4   5   11  6   
1   1   0   1   1   0   1   0   1   1   1   0   1   1   1   0   
______________________________________________________________
Round 1
ELECTION WINNER IS 9(12)  !!!!!
Active nodes where: 0(10), 1(4), 2(2), 4(1), 5(6), 7(11), 9(12), 12(0), 13(9), 14(5), 15(3), 
10  4   2   8   1   6   13  11  7   12  15  14  0   9   5   3   
1   1   1   0   1   1   0   1   0   1   0   0   1   1   1   1   
______________________________________________________________
Round 2
ELECTION WINNER IS 8(15)  !!!!!
Active nodes where: 0(4), 1(9), 2(5), 3(2), 5(8), 6(0), 7(11), 8(15), 9(3), 10(10), 11(6), 12(1), 14(12), 15(13), 
4   9   5   2   14  8   0   11  15  3   10  6   1   7   12  13  
1   1   1   1   0   1   1   1   1   1   1   1   1   0   1   1   
______________________________________________________________
Round 3
ELECTION WINNER IS 9(15)  !!!!!
Active nodes where: 0(8), 1(13), 4(0), 5(5), 6(1), 7(10), 9(15), 10(6), 11(12), 12(7), 13(4), 14(3), 
8   13  11  2   0   5   1   10  9   15  6   12  7   4   3   14  
1   1   0   0   1   1   1   1   0   1   1   1   1   1   1   0   
______________________________________________________________
Round 4
ELECTION WINNER IS 7(15)  !!!!!
Active nodes where: 0(6), 1(3), 2(12), 4(2), 5(8), 6(0), 7(15), 8(9), 9(1), 11(14), 12(10), 13(11), 14(7), 
6   3   12  4   2   8   0   15  9   1   5   14  10  11  7   13  
1   1   1   0   1   1   1   1   1   1   0   1   1   1   1   0   
______________________________________________________________
Round 5
ELECTION WINNER IS 9(15)  !!!!!
Active nodes where: 0(12), 3(0), 4(3), 5(7), 8(13), 9(15), 11(8), 12(6), 13(5), 15(11), 
12  4   1   0   3   7   2   9   13  15  10  8   6   5   14  11  
1   0   0   1   1   1   0   0   1   1   0   1   1   1   0   1   
______________________________________________________________
Round 6
ELECTION WINNER IS 5(15)  !!!!!
Active nodes where: 0(12), 2(9), 4(2), 5(15), 8(10), 9(7), 11(5), 12(0), 14(3), 15(11), 
12  6   9   1   2   15  4   8   10  7   14  5   0   13  3   11  
1   0   1   0   1   1   0   0   1   1   0   1   1   0   1   1   
______________________________________________________________
Round 7
ELECTION WINNER IS 13(14)  !!!!!
Active nodes where: 0(10), 1(1), 3(9), 4(5), 5(12), 6(13), 7(6), 8(0), 9(3), 10(8), 12(2), 13(14), 14(4), 15(7), 
10  1   15  9   5   12  13  6   0   3   8   11  2   14  4   7   
1   1   0   1   1   1   1   1   1   1   1   0   1   1   1   1   
______________________________________________________________
Round 8
ELECTION WINNER IS 11(15)  !!!!!
Active nodes where: 0(2), 2(5), 3(4), 4(3), 5(13), 8(10), 9(7), 10(14), 11(15), 12(0), 13(6), 15(11), 
2   9   5   4   3   13  8   12  10  7   14  15  0   6   1   11  
1   0   1   1   1   1   0   0   1   1   1   1   1   1   0   1   
______________________________________________________________
Round 9
ELECTION WINNER IS 10(15)  !!!!!
Active nodes where: 1(14), 2(13), 3(10), 6(4), 8(7), 9(8), 10(15), 13(0), 15(2), 
6   14  13  10  3   1   4   9   7   8   15  11  12  0   5   2   
0   1   1   1   0   0   1   0   1   1   1   0   0   1   0   1   
______________________________________________________________
Round 10
ELECTION WINNER IS 9(15)  !!!!!
Active nodes where: 0(5), 1(12), 2(6), 3(13), 4(9), 5(7), 6(11), 7(1), 8(3), 9(15), 10(14), 11(2), 12(8), 13(0), 14(4), 
5   12  6   13  9   7   11  1   3   15  14  2   8   0   4   10  
1   1   1   1   1   1   1   1   1   1   1   1   1   1   1   0   
______________________________________________________________
Round 11
ELECTION WINNER IS 9(15)  !!!!!
Active nodes where: 0(4), 1(6), 2(1), 3(8), 4(14), 5(13), 6(7), 7(10), 8(0), 9(15), 12(3), 13(2), 14(11), 15(9), 
4   6   1   8   14  13  7   10  0   15  12  5   3   2   11  9   
1   1   1   1   1   1   1   1   1   1   0   0   1   1   1   1   
______________________________________________________________
Round 12
ELECTION WINNER IS 13(14)  !!!!!
Active nodes where: 0(7), 1(5), 2(9), 5(1), 9(11), 11(8), 12(10), 13(14), 14(4), 
7   5   9   13  0   1   2   15  6   11  3   8   10  14  4   12  
1   1   1   0   0   1   0   0   0   1   0   1   1   1   1   0   
______________________________________________________________
Round 13
ELECTION WINNER IS 13(15)  !!!!!
Active nodes where: 0(2), 1(13), 2(5), 4(9), 7(3), 8(14), 9(11), 10(7), 11(0), 13(15), 14(8), 15(6), 
2   13  5   4   9   1   10  3   14  11  7   0   12  15  8   6   
1   1   1   0   1   0   0   1   1   1   1   1   0   1   1   1   
______________________________________________________________
Round 14
ELECTION WINNER IS 11(15)  !!!!!
Active nodes where: 0(9), 1(8), 2(3), 3(13), 5(7), 6(2), 7(5), 9(4), 11(15), 12(14), 13(1), 14(0), 15(11), 
9   8   3   13  10  7   2   5   6   4   12  15  14  1   0   11  
1   1   1   1   0   1   1   1   0   1   0   1   1   1   1   1   
______________________________________________________________
