50
25
1000
16
14
100
82
82
72
74
66
95
53
72
93
99
77
89
78
73
25
17
82
16
65
80
35
26
80
40
93
57
39
24
61
97
35
51
41
20
80
90
78
91
75
51
31
66
75
66
23
48
66
63
44
16
6
53
72
97
76
1
10
14
61
100
80
46
99
1
65
88
86
77
68
31
77
71
9
28
59
43
67
34
95
28
24
76
62
92
43
88
4
21
57
33
63
40
15
29
17
53
42
73
34
82
100
76
56
43
25
17
41
36
59
53
67
26
37
24
57
58
54
36
63
97
21
97
63
3
25
26
88
28
30
12
27
72
50
92
41
98
34
2
25
17
91
65
67
64
66
74
1
66
93
62
77
25
24
91
66
1
76
89
45
32
93
69
22
43
65
61
1
50
69
75
82
72
49
24
93
32
61
20
70
64
49
28
50
21
50
13
93
86
1
28
64
59
29
79
23
81
60
86
8
9
46
23
81
93
63
89
45
78
74
3
36
41
100
73
5
63
40
6
1
32
46
23
13
26
61
30
37
18
97
79
47
49
25
47
66
31
32
51
18
45
24
79
25
87
87
60
92
55
80
14
74
3
20
38
55
50
17
47
17
30
74
82
5
58
18
82
79
98
37
20
88
45
8
79
31
30
100
7
94
48
41
83
91
15
9
37
55
48
84
43
100
31
46
68
29
64
93
61
2
3
46
26
71
43
55
82
30
12
81
2
100
98
59
47
98
21
51
65
50
84
35
89
89
45
83
19
87
8
19
3
69
85
94
14
5
49
85
30
38
13
100
85
73
91
74
12
66
36
58
81
94
88
95
23
43
45
16
37
97
89
98
84
100
62
67
42
41
81
44
93
42
53
31
46
25
28
83
67
93
50
36
89
27
82
19
61
65
56
74
56
41
70
94
75
5
54
38
32
26
22
33
26
11
12
84
6
5
86
41
56
67
86
92
37
75
36
8
56
100
31
32
87
13
87
67
28
34
97
41
96
84
98
74
48
43
37
20
10
74
84
27
86
86
32
2
92
38
50
68
5
69
44
38
93
65
1
66
59
30
35
58
28
56
14
74
5
71
20
66
99
26
13
24
25
28
87
42
23
1
54
14
31
74
73
1
89
83
89
34
66
22
66
62
77
67
39
56
54
87
70
72
85
97
55
2
75
83
59
10
71
93
56
82
7
19
26
39
54
84
74
47
74
91
77
60
7
29
50
12
81
43
11
47
29
91
50
27
61
50
6
32
34
46
28
59
65
76
5
11
38
60
74
3
78
75
68
20
60
81
73
50
75
95
95
64
28
58
11
76
38
5
61
75
27
28
45
75
58
86
59
32
94
46
51
55
18
82
3
35
11
45
81
65
60
14
53
50
41
38
60
82
60
88
67
31
23
98
85
59
68
21
12
47
19
27
24
23
62
1
5
84
95
17
69
31
81
9
28
68
88
26
83
31
98
43
52
37
16
30
83
79
72
20
38
50
14
66
97
11
97
14
39
78
70
24
93
44
56
87
26
46
55
12
85
96
69
61
27
64
44
55
26
42
24
12
53
63
55
64
55
45
2
20
62
3
33
14
22
39
61
3
81
25
63
96
2
45
33
7
23
38
53
52
91
20
10
73
29
38
30
16
29
66
95
62
58
61
91
46
75
45
48
58
16
9
46
47
18
38
99
17
31
61
59
21
7
1
13
28
9
69
35
47
92
67
49
30
69
46
5
41
16
20
52
30
22
77
21
52
3
83
2
32
22
32
66
7
92
43
60
42
6
1
3
97
38
9
41
85
52
42
10
58
43
33
56
62
74
62
33
72
45
44
53
36
66
18
77
79
64
44
48
73
73
7
27
51
87
4
94
86
18
43
53
11
35
65
38
38
64
31
33
12
35
38
8
26
97
66
54
69
31
66
59
81
94
68
5
73
98
2
52
11
51
6
30
34
1
14
37
81
45
53
22
88
94
45
38
97
46
85
93
63
91
96
18
93
31
31
72
62
34
36
22
8
7
28
91
6
55
54
49
52
73
20
42
92
83
61
100
13
29
82
6
71
6
72
15
36
50
71
58
87
89
65
32
51
18
23
81
59
2
26
49
56
25
34
36
7
4
61
58
96
3
31
94
55
11
43
38
26
100
14
29
21
67
27
79
44
93
49
77
33
21
4
75
23
13
17
100
49
17
81
80
51
26
95
35
67
50
88
13
24
49
53
43
92
56
99
9
38
54
38
35
16
67
99
16
80
79
18
25
28
93
57
31
70
53
4
5
67
30
97
66
39
57
35
